type,n,N,cr,density,lin_regress,lin_regress_err,lin_regress_r2,opt_linregress,opt_linregress_err,opt_linregress_r2,hyper_fit,hyper_fit_err,hyper_fit_r2,sqrt_fit,sqrt_fit_err,sqrt_fit_r2,piece_fit,piece_fit_err,piece_fit_r2,shapiro
PDES,8.0,50.0,0.01,808.212143915212,,,,359.540222,10.679424567279767,0.9858242278728838,289.8737758818861,1.1126918091040972,0.9855786295022098,315.3884871948323,27.429571929736344,0.9888484453554626,330.1647412823412,1.0847323357874004,0.9855613573880893,280.0838567522841
PDES,8.0,50.0,0.1,808.212143915212,,,,367.779205,15.826659439425024,0.9890614613718596,334.4315326943829,0.9003047209618867,0.9872779335298414,327.2833352355044,1.9915399207493871,0.9880636415914642,334.61493049676955,0.8814137792549889,0.987270073746686,904.1543440540572
PDES,8.0,50.0,1.0,808.212143915212,,,,277.447937,5.966581182691338,0.9943418091484564,248.33738150658613,1.4892002300438028,0.9940730909151634,248.30982161531617,inf,0.9940739988779796,248.30980649254784,1.455568316699355,0.9940739988779796,289.0121228840436
PDES,8.0,50.0,10.0,808.212143915212,,,,306.044922,9.776128665249272,0.9927712221262304,161.85395035277966,1.847428083702711,0.9878894893576946,389.0165970451556,0.978686052833355,0.9906871063074908,389.14506658661617,0.951842084848188,0.9906870772579834,680.7968932373103
PDES,8.0,100.0,0.001,807.610407084577,,,,322.294525,4.811986654576805,0.991332378692816,317.2793241673052,0.6046849777705998,0.9914192647847576,325.10034264879954,1.6806978948743472,0.992439702588007,317.267018551503,0.5926833515826608,0.9914134247080044,311.95796136999064
PDES,8.0,100.0,0.01,807.610407084577,,,,305.692139,4.645366356874003,0.9908646188482038,306.94932798721265,0.7139448761343774,0.991071755768382,324.2048047158674,10.161263274847988,0.993810989271235,306.9721361946144,0.6994102273508889,0.9910642908539612,328.03642611144704
PDES,8.0,100.0,0.1,807.610407084577,,,,311.726532,19.02701986170318,0.9922305472913427,302.9947706106984,2.627561429207755,0.992195013712758,332.34605321794834,995.358350047413,0.9944124105784964,303.226861746755,2.557486628661254,0.9921908083768578,280.67788785469355
PDES,8.0,100.0,1.0,807.610407084577,,,,354.680695,20.73874835129547,0.995482509702386,337.6959142137627,2.433594164164885,0.9954316094966328,324.1077441991897,1956.4438473652267,0.9971343830917196,337.02125238742923,2.6217416778782026,0.9953028529722684,307.0741269704285
PDES,8.0,100.0,10.0,807.610407084577,,,,335.324585,11.968835695971634,0.9968743288897214,375.6541642426948,62.69856417450023,0.9882249310670244,376.1749831743936,inf,0.995567838082643,374.6322080313128,2.987907333481649,0.9955678380826432,522.9521081083307
PDES,8.0,150.0,0.001,805.6975720099502,,,,316.214203,3.5021491858168705,0.994813987323142,315.6808956800605,0.4819866840071293,0.9948850982051792,319.2049803939644,0.9952922054384312,0.995672308164928,315.4178255173689,0.4719693568479836,0.9948763550878872,307.50326882543806
PDES,8.0,150.0,0.01,805.6975720099502,,,,305.696716,3.593956121917513,0.9937465081910418,304.8297799556251,0.5808659446832085,0.99379320761963,316.5320701726436,2.0799338240337013,0.9955848803184474,304.8986016577582,0.5687053138884749,0.9937831381683015,327.4345640109978
PDES,8.0,150.0,0.1,805.6975720099502,,,,327.914429,13.779174179110171,0.9952548273137364,324.45162757320185,1.7193399798989484,0.9951576040797148,339.4029076388281,8.98164786264128,0.9963473792253494,330.64435917996434,1.6985681513586344,0.9951515307501172,321.169416426692
PDES,8.0,150.0,1.0,805.6975720099502,,,,280.321503,7.7671689615094195,0.9973046233683583,278.8128729850264,1.727203601103576,0.9972783586040134,279.07279912148374,2.666811422569066,0.9975868629989848,280.7878531211735,1.6863050870476488,0.997270024180871,78.43733171940406
PDES,8.0,150.0,10.0,805.6975720099502,,,,348.29715,7.853153832169062,0.998476877775272,343.9041442834727,1.4412785649839812,0.9984678464688386,347.5888026396452,2.028661084452406,0.9985110294732816,343.754426638968,1.424159420351352,0.9984661109088764,476.9923258123586
PDES,8.0,200.0,0.001,807.7343822636816,,,,322.899902,2.956944566639544,0.9952817694783264,318.2684293567173,0.4214279312602608,0.9953442735824526,319.49590307659224,0.8814023738394605,0.9964524805761096,318.3926644284499,0.412851599142552,0.9953348140974352,298.2971111493399
PDES,8.0,200.0,0.01,807.7343822636816,,,,332.081757,3.5875665027036674,0.995600887916872,329.3802674609997,0.4312186246808372,0.9956592462588284,333.0160370883403,1.1443738987850167,0.996847241894716,975.1132815273214,0.4208017565038974,0.995650105549607,319.4952360833876
PDES,8.0,200.0,0.1,807.7343822636816,,,,327.129395,12.936023740795626,0.9955377075806788,325.30348554543923,1.6473932984861512,0.995591104362772,336.6761907464785,13.381541718937315,0.9972084525644956,324.7882121758145,1.616856329791579,0.9955799872360966,292.69701706440696
PDES,8.0,200.0,1.0,807.7343822636816,,,,319.812927,18.79188236482877,0.9957287841577968,300.03489753130333,2.840112524795644,0.995730498622332,283.5392190763874,42182.137132137126,0.9968676109569632,299.96522682981674,2.785901760475299,0.9957300218656208,288.34008292589806
PDES,8.0,200.0,10.0,807.7343822636816,,,,369.923737,10.257865786729088,0.9984584991366532,365.6281032969897,1.7109653255407378,0.9980476814750656,370.5620688790666,2.1948573158727767,0.9984934750304986,365.4584407185547,1.3098526030714237,0.998436842236697,440.7251347811203
PDES,18.0,50.0,0.01,874.8698786583541,,,,312.587616,6.238413853836082,0.990515304398748,312.84035014349666,0.8614169189233476,0.9906234955708074,315.71473348458585,1.617169379844891,0.9909285476710312,312.2579142909468,0.8393203677305162,0.9906196875746928,340.827534317186
PDES,18.0,50.0,0.1,874.8698786583541,,,,289.47583,4.925184011313749,0.9916420298580028,287.1489684360329,0.9520775943384924,0.9918461403406996,332.3443217668254,472.851343089542,0.9938762795854617,287.0309603116341,0.9542430658874148,0.9918440865254384,323.20730212823696
PDES,18.0,50.0,1.0,874.8698786583541,,,,272.932068,4.708060452027042,0.995854708053037,269.7115665478657,1.1896411282328545,0.9956557356857731,251.0031701010872,11.78514257498713,0.9961351233981092,269.8884643069631,1.1655503761607011,0.9956548515413888,-939.7948664539628
PDES,18.0,50.0,10.0,874.8698786583541,,,,392.433197,9.813271174342228,0.9986953821687168,414.97842364640593,2.171918774342852,0.997959429809384,419.25287322594,1.2272892377816174,0.9987212146129304,414.5816659579473,0.5258968803320879,0.9987024627738992,479.6170167245023
PDES,18.0,100.0,0.001,871.7186713134329,,,,314.187164,4.23331172579018,0.9947573366134264,316.2972726499486,0.5871146913601016,0.9947401378502256,327.1998281261584,2.856450806773384,0.9958885434576537,316.4436917883585,0.5723559521871779,0.994734474123225,300.59247714871844
PDES,18.0,100.0,0.01,871.7186713134329,,,,342.492798,5.442335199442806,0.9951560556587156,337.32902830855056,0.5758554793231174,0.9951970475646582,341.59145843757045,3.691676074319751,0.9962833347439414,337.1478515289893,0.5585701259297969,0.995192204852331,329.97406748433286
PDES,18.0,100.0,0.1,871.7186713134329,,,,289.400116,11.157014006052863,0.9966691519020514,285.7509572877256,2.196028993615221,0.9966241180660468,285.92217543916524,2.5234723029880484,0.996653137683522,285.6229260942123,2.1625687463672354,0.996622184122747,286.9736993863268
PDES,18.0,100.0,1.0,871.7186713134329,,,,309.807892,12.079923757730509,0.9981753046175874,295.7443075421555,2.415014123375369,0.9976821180636852,296.09518603813217,inf,0.997683252275302,295.90835871610705,2.3423427589505623,0.9976833057568748,1366.134896348665
PDES,18.0,100.0,10.0,871.7186713134329,,,,328.938141,22.32149087087012,0.9981313764538166,351.9613191167476,2.663638685041844,0.997352129582968,351.7391536202836,2.5823723113472408,0.9973641975917936,351.7388827739718,2.580316409480178,0.9973642064887412,400.77099039734816
PDES,18.0,150.0,,873.0753669154228,,,,,,,,,,,,,,,,
PDES,18.0,200.0,0.001,864.9293252587065,,,,373.453827,11.684817859864994,0.9877804170032104,259.6468906096796,1469151.9782133838,0.9714511671678476,311.42284721165134,21015.74949671543,0.9886817820072448,299.8774184809056,5608787.86395076,0.9714511671678476,383.12787077592327
PDES,18.0,200.0,0.01,864.9293252587065,,,,322.481873,4.614093155796293,0.9959279239067784,322.0268375895042,0.5955436737324541,0.995945113827282,354.9517522854325,67.98490994221561,0.9979855959704356,321.97316698073416,0.5817427633545751,0.9959410629147268,333.764931642628
PDES,18.0,200.0,0.1,864.9293252587065,,,,335.220276,15.517655239076063,0.9964305901440084,337.06795785616464,1.952566381547943,0.9964494734748918,344.1008163964732,81.2268088043336,0.9977688313653548,336.84777676451205,2.008498442926094,0.9964469322774614,278.0154848597805
PDES,18.0,200.0,1.0,864.9293252587065,,,,266.894684,7.516546268582871,0.9989597912774918,268.0890926975598,1.9525176691231427,0.9989613626328692,264.4673524405373,4.438169961954763,0.9991665308675146,269.9873870696034,1.907072431730857,0.9989586341866544,170.28667360916492
PDES,18.0,200.0,10.0,864.9293252587065,,,,378.768646,7.473232931068518,0.9987406839573708,379.7351903483312,2.6524369373299312,0.997947017728336,379.68216097240526,inf,0.9987512348952008,379.68212348804144,1.5086259219905829,0.998751234895201,454.9745215354256
PDES,28.0,50.0,0.01,885.84158380798,,,,326.489532,7.012758002288021,0.993864110074285,323.13051582627213,0.7965848587492467,0.9938620152677944,324.0852020086446,2.84384602242309,0.9943915138292616,323.3420178659181,0.7791379807771524,0.99386003479426,197.37171575301213
PDES,28.0,50.0,0.1,885.84158380798,,,,269.095001,3.7921285577672217,0.9952340011281492,292.2780507594763,0.8777603815414244,0.9952187535068991,300.25852757458495,1.581500787599642,0.995349561296966,292.59304338068847,0.8627719159206325,0.9952160985847102,320.47526804958267
PDES,28.0,50.0,1.0,885.84158380798,,,,368.487885,12.509418642250797,0.9956211332757297,317.7649483361674,1.1850887096551357,0.9953822670185752,346.62168380887573,11.808251880754712,0.9960926064689868,317.85757293376577,1.1624563196439852,0.99538130611113,-335.3814393388926
PDES,28.0,50.0,10.0,885.84158380798,,,,409.509247,9.391910711705862,0.9986370276837576,408.4306695986969,1.251430686926432,0.9976741887884184,418.7820081249125,1.4684075949609687,0.9988144130599722,408.1116975597605,514700.4150625696,0.9946237160918066,466.9671433557205
PDES,28.0,100.0,0.001,864.2195710845772,,,,327.543396,4.934691715820224,0.9937330933794734,327.78565744171846,0.6089294372419927,0.9934300439519488,361.8537721195072,66.52841557279314,0.9963280441099006,328.1609383520501,0.5950943073705046,0.993418888756856,361.9488011901095
PDES,28.0,100.0,0.01,864.2195710845772,,,,324.903137,4.710725467431625,0.9956490590606624,323.0905630024056,0.6551134655543376,0.9956962650247448,341.7525164653891,85.81303302909608,0.9973718413755944,323.2383516795489,0.6397489346799912,0.9956909164228276,300.7614566429332
PDES,28.0,100.0,0.1,864.2195710845772,,,,394.670471,12.05423410373838,0.9970323868349664,382.32850079697874,0.7606240326662176,0.9958731778870292,384.4788594885784,1.247505568321963,0.997282589482032,382.3097452236377,0.4559604459345673,0.997070360054808,354.1784410131511
PDES,28.0,100.0,1.0,864.2195710845772,,,,338.601318,5.098539097128755,0.9986094631719648,322.25420324220755,0.5809272741615071,0.9983945289652656,322.3589752383151,inf,0.998395783508798,322.3583209104226,0.5683404467934983,0.998395783508798,207.5976369666521
PDES,28.0,100.0,10.0,864.2195710845772,,,,376.962677,3.7129670149634353,0.9993693103890346,376.7002184802575,0.5567982705582283,0.9989413423004422,389.4478855264053,1.5991776568484986,0.9996412747086256,376.5663845695421,0.3272414245917204,0.9993710875810754,413.6991332455513
PDES,28.0,150.0,0.01,875.6233544925373,,,,339.951141,4.612419955094696,0.9970294228721178,339.6399343360476,0.45563441226478,0.9970385331751884,348.8366351194682,1.6153291062734063,0.997833754602842,340.09234965356194,0.4438242466464727,0.9970301592279271,336.9881653298036
PDES,28.0,150.0,0.1,875.6233544925373,,,,344.268219,5.098452056383394,0.9970742708853008,342.00707651080614,0.5480632356513192,0.9970873778224756,356.1679544264698,7.954026552647667,0.9980342509584196,342.1293786094798,0.5358326698170068,0.9970861903396806,328.4488873362316
PDES,28.0,150.0,1.0,875.6233544925373,,,,296.291687,2.618058690099383,0.9988431446597094,295.908411514277,0.4975918248132832,0.9988451679334074,294.4157514615516,0.8030145453556967,0.9989520066037604,296.0867564793128,0.4859062966568651,0.9988435446721446,217.1118595058586
PDES,28.0,150.0,10.0,875.6233544925373,,,,318.740509,6.692844845102432,0.999105947897012,122.27727847016926,1.2421504615909338,0.9987529174551324,367.0240656280068,inf,0.9971093919718378,367.0251958940388,1.0455872868895042,0.9988428255399854,461.49861736642106
PDES,28.0,200.0,0.01,875.8184267761193,,,,338.324249,4.555827750552061,0.9965383698383538,337.0432021175765,0.5156429549245822,0.9965799745779138,359.61563995579473,9.874947389374649,0.998533630706314,337.3074573247487,0.5054571371831553,0.9965730622718266,336.8352692391085
PDES,28.0,200.0,0.1,875.8184267761193,,,,297.875366,2.7801055246865047,0.998546123268755,294.2056893119604,0.5554540302733426,0.9985608595983464,298.75131977722924,2.885569351283313,0.9991183144326324,294.4927174022171,0.5485505543166401,0.9985586080750928,293.2004495420667
PDES,28.0,200.0,1.0,875.8184267761193,,,,256.631378,2.4606169207558524,0.9988167020781794,254.69934988831395,0.7281399026621149,0.9987792748516796,251.29315501961912,1.0091343065591285,0.9988117858810626,254.77127157495903,0.710211698775681,0.9987785584981878,129.71449148337723
PDES,28.0,200.0,10.0,875.8184267761193,,,,358.669708,7.772379849638543,0.9992455268288208,152.92994400440824,2.009676250122101,0.9982137836439038,409.1737377253327,0.7055689805252594,0.9991870094900472,407.75363986890784,4462070.527227677,0.9973134079787064,439.9710383235312
PDES,38.0,50.0,0.01,881.9001384513716,,,,312.62561,5.266889098286057,0.9942816692197816,319.2478553321503,0.7488350359946033,0.9942800910784808,329.70196703980145,1.5571942046480105,0.994368522527659,319.2320943883905,0.7316543773050868,0.9942765140121048,345.2664656725529
PDES,38.0,50.0,0.1,881.9001384513716,,,,288.167297,4.225172400690269,0.995381816891197,283.5472712811823,0.857253678034684,0.9953926810991536,293.15118376694664,1.6610916733758403,0.9957880369049876,283.7779235023536,0.837097682424708,0.9953913027230488,253.17855080106835
PDES,38.0,50.0,10.0,881.9001384513716,,,,356.386444,10.171286407164414,0.9988343307370344,154.70488790333394,3.384293833261526,0.9975081269466884,414.2316597572169,inf,0.9985048987237936,414.2317139954889,0.5929937292085042,0.9985048987238088,460.95838020885856
PDES,38.0,100.0,0.01,880.0383455771145,,,,313.891785,5.031957766251613,0.9957145178433132,314.7752342097089,0.7613560049061155,0.9956410452932036,330.1958961306916,405.40594883760514,0.9967493699820374,314.8515725986249,0.743774170836196,0.9956364315085154,349.15470198099
PDES,38.0,100.0,0.1,880.0383455771145,,,,295.790436,3.58782861392709,0.9977673818579844,289.97034610352665,0.707521232947205,0.9977038085277056,289.47572699792937,1.148134497051258,0.9979301814185244,291.29712650784194,0.6914853378719144,0.9977002903547224,191.4407801796384
PDES,38.0,100.0,1.0,880.0383455771145,,,,302.651794,4.525888627937085,0.9987420508944506,284.3583199989238,0.7876065759335529,0.998697591329408,284.49633311451544,inf,0.998697852178068,284.4963312181733,0.7964483710702237,0.9986978521780776,207.39500357121003
PDES,38.0,100.0,10.0,880.0383455771145,,,,369.365112,6.7397029175709,0.9986000714774084,156.59694340330933,4.74872031924499,0.996968585783135,411.9972020090607,0.7225480002205361,0.9982585752625324,412.00743288218325,0.694066425854404,0.9982585713210992,541.9226723864608
PDES,38.0,150.0,0.01,865.9494000447761,,,,311.445709,3.5787454328542307,0.997488116483318,312.1626610854238,0.5264935973492053,0.9975090980840348,321.09449286633736,1.815827539537423,0.9978661392142996,312.1146094722464,0.5139443046028764,0.997506299297349,301.3711573036564
PDES,38.0,150.0,0.1,865.9494000447761,,,,319.942932,4.675683593880022,0.9976708758551348,319.8027253827533,0.6183439082574035,0.9976887564559296,355.18555982232283,9.838051156388453,0.998584991598668,320.0164168650408,0.6035347699474299,0.9976858992451112,336.6587476025907
PDES,38.0,150.0,1.0,865.9494000447761,,,,267.536713,4.047215958878211,0.9984285736638824,264.8639711675789,1.029206793318192,0.9984342926059524,319.93907669990523,782.9531910311593,0.9990127882901384,327.6152438963886,1.006813798915703,0.9984333756179204,351.60581138381764
PDES,38.0,150.0,10.0,865.9494000447761,,,,348.699432,4.984916477425301,0.9993844877029436,389.3526451783055,0.8691194657580392,0.9988250182492232,389.3642949858479,0.9793488080619224,0.9994209483958936,389.64462580568096,0.3975224182136853,0.9993505048187388,434.9869491075546
PDES,38.0,200.0,0.01,863.2368006218907,,,,293.876953,2.3939657082522854,0.9985778719703904,291.4947175745482,0.4625405790552051,0.9985731354623004,291.7016907697328,0.618580448646216,0.998635236268516,291.6303761444376,0.4518279075972814,0.9985714321368112,274.6342363893268
PDES,38.0,200.0,0.1,863.2368006218907,,,,355.062897,5.994584240891697,0.9967102626254344,351.96928917191127,0.6383885219023612,0.996732306546128,369.1090742428744,43.57930636170466,0.9986280515244156,350.7529022192576,0.6177776208381859,0.9967266375726256,341.98300236695013
PDES,38.0,200.0,1.0,863.2368006218907,,,,265.035065,2.4695177912695145,0.9990165622137712,264.9851058433373,0.6429588350276424,0.9990218534192256,259.3464196491579,1.034563215174361,0.9991116362289624,265.2089115745404,0.6294138915053473,0.999020984595595,192.72122935446896
PDES,38.0,200.0,10.0,863.2368006218907,,,,383.036011,6.327999840133572,0.9995959211900208,412.9057071510479,2.3471046262184823,0.9988094145483604,413.8111858342198,0.5940225001416908,0.9995751094840302,412.7713844177613,0.3764143674851297,0.9995730569358292,470.85271846162254
